1000
794844535
118536393
367184252
53573389
646348196
338760673
313393467
834987380
94092177
387146639
13219682
888528898
489609195
56879448
46808576
107218306
322309805
789335905
969834191
77292560
584071684
144846936
760503340
398142495
42691561
57771378
612750797
253564995
184336353
856002418
45988152
491541627
800980709
532537559
7399526
106286964
798336524
12960934
765543336
389566602
234674226
452559265
115884386
31822403
44470367
1
2
3
4
5
6
7
8
9
10
758219339
835636112
93060432
150471780
154047636
710370863
720602474
962787987
254356191
104333632
514907605
459440448
442682571
941774762
149054409
552523696
294745562
742883402
920340985
388429264
883792208
45308845
706531489
836962377
926833912
230423721
999918786
885673248
276882063
989213414
745754953
126804694
549592822
892431739
229249169
213184076
355547705
498671968
643144885
838716072
810743709
728766860
906095759
536969352
46828139
355384555
28615519
555547458
378828940
994065715
219343431
173138314
132399958
437198149
939281664
861963263
181301001
410941854
398154876
901427310
3825682
777207933
838849947
360303871
797851947
255032162
557246900
451685561
128326648
674301217
915368920
527928026
499588795
376757349
42191082
174022846
556070619
945058205
669908756
712925356
146831532
33699143
349543628
540166612
260038032
955333399
319139578
569739733
950389028
256604888
933621523
327675404
396479875
339526272
675608321
610324931
897089171
356679120
807671487
508269290
348159659
570707744
510820168
352538681
75709065
24662502
118717126
457271795
834625806
266930044
365937664
906484958
312259550
81719499
298223821
977512870
914901839
950388195
952520962
593592096
759442419
215287773
135456908
291822626
137105752
152579783
472365554
142728339
520858305
814796353
40437651
764994373
5881446
33430777
266269806
945863510
63130368
70181104
756529352
735158361
969436654
964528304
817502453
164746498
412015315
518697221
338710196
59102148
676919773
69088720
778121781
317220127
318987753
76147651
91271073
801515469
301468731
644492974
15094298
519835564
703474186
139163602
721561373
440033928
332801667
762694351
950375985
821409712
319788686
384814465
821209199
953704195
2465413
268771437
842289687
115409086
903805034
839076893
446588289
332418825
108258096
963390164
881120051
275812967
71105819
31086543
204518070
837929500
69701297
888449394
787490444
46355187
99774889
371432449
833103540
348596567
772739630
356981689
456346336
919460534
947800798
617145176
506631209
374846843
836278600
193734718
409921013
637646143
64933419
183626336
929719471
626028062
988897818
297117721
554374545
157629255
561314184
105460207
459911243
859225817
675435964
899545465
263408489
897435740
305265568
1573184
618843780
26509109
930866694
314748915
100391200
691220788
770866166
347736944
505833343
964415080
515087526
251015291
66873737
659185286
606277663
56292578
605314712
836816672
372311882
970779619
544674243
50265435
115190999
884788026
119877116
62976037
471588119
357912458
239554296
498476427
758686712
132039169
143861990
18376981
907831109
906186080
688832494
271836133
469931751
753707470
712288269
695937575
141016198
962991066
219214217
509005307
764123166
82152219
399355908
415734380
42930197
592846368
654275094
958381076
959195723
327694951
462878348
14835416
329396042
957495156
574892074
14091282
649376516
75328116
380834796
327415401
14646200
984856565
904547707
781187917
772673444
234829403
511023870
388074899
316786833
722794821
212397200
172884291
791993648
105502485
961241926
111915987
624347542
810495243
72730567
478817699
185363371
72401750
274731790
609314182
384875581
109545720
159443588
203708451
635739652
172804151
350834940
448699513
547307465
35733156
181752659
18067753
150719793
534049198
252997213
589440037
466441244
599777138
82546323
37009502
745897026
72867369
375576069
307419267
995809562
928544355
885223137
401403332
477742179
611894570
650822076
447567641
903293169
755084287
345118451
213710781
554982234
417087900
87688770
158685105
189341542
919826081
41855539
901665343
509294057
132766696
72882825
275247319
276716970
41049755
519211558
546659516
877756976
854641655
282874187
658905224
825069481
496837263
342853783
299725564
504861825
216850714
138293136
762945579
444796947
857408262
731259475
164221561
165900901
727345093
482243408
935331560
408830012
388339525
351856436
468421821
78941406
198525897
269277671
766199788
659297694
92061824
82955230
698368764
942335615
773749236
374423443
772097369
392755096
205288870
115454802
700230508
360467044
228719153
390568080
177772818
458834668
94228388
674900950
626100779
99550064
73406610
626863218
167048449
449861446
59679025
358262103
108525759
87392400
899151881
762854637
894485851
714101849
684636256
138676054
223498843
900993764
884378169
10677477
637242731
261431608
166790416
806387180
269851723
89782595
730481389
678593635
940401922
683589682
528920686
739481517
442799169
632148458
736039840
127689323
80480620
75460235
984209400
96279981
923952365
804217845
398602207
584929843
702399924
254455148
846013231
115206382
8042260
432993313
507248665
546883767
62852075
113053318
63482349
648750238
887994523
800395949
382495728
337054737
883866692
729136345
430451954
447719428
561114560
501490468
806993512
279458810
462312258
86297825
381170310
579208381
261895312
96896284
85293888
744235436
238655015
106426263
853465695
690268554
171952712
752988832
411609483
117013627
912127774
777184522
568359333
552449114
357281393
519115748
219663369
868952810
16668055
880483903
790528097
252672282
825781881
705668060
273459807
333286006
597058437
227744506
960861345
261199629
238740142
313133239
707737579
981693749
119891374
60353920
954429982
257926024
266738063
143957298
170513243
232928340
712529561
978873133
234844239
964332364
488783919
853369325
167760801
927932194
333758370
301092263
644069517
403698914
376956969
867593474
286525395
735217142
23123490
749573538
11263864
843702791
267279961
996063628
245327397
832443844
100888905
941400970
144066393
972609976
394591938
64912793
147214126
943042255
893854563
521078691
974952122
66110364
871711124
628252684
941835862
918530580
426161897
562428413
698037112
228431968
868442697
148242983
303452087
945113880
676254064
660747438
524727494
847825834
431594487
625125938
122403368
64793583
217827693
90485227
742770344
272848146
110600063
121514648
739283799
518727046
835526227
535869291
617604605
303434612
114846851
25018742
125975404
176839451
327798902
819189855
876640804
39242739
62088319
439341607
824662148
566869251
605384038
831300565
251345298
596834037
312111540
178832719
417239978
603177316
554074866
608835552
975681906
925674009
1173766
495866242
338984664
224374956
409690080
93167741
796108224
432231232
513000989
425143744
464446974
627502629
508903278
615300366
960217702
189291868
153453604
678289024
668666758
745113113
105910126
725360122
216175540
378134896
219223754
737248815
85540548
366089336
412385817
734606468
396597906
221814634
380787425
950393945
294225313
466265506
689295831
722614833
135891666
963705298
441176059
798868845
403128644
145407498
258298952
666410914
130769544
766079666
468571287
557728612
950289494
985488456
400606574
718820153
123597469
753254651
490623125
865557703
261875505
520462858
33754038
394489134
809485991
401488208
902373859
128486331
39052464
192808250
938362381
153046743
71653064
327938668
894848349
818930463
433213176
307801710
907297397
614171026
109850055
457621121
311548897
442294457
118793787
85369689
36509328
853458875
913107483
768446351
653743605
389187871
953392048
600729090
641921004
242352183
472449369
67322203
515801539
17841
59678195
633714148
54178575
188309001
445175851
906604556
843488471
120880334
627572449
874537
485573578
789860884
634951622
705148867
281977012
566257865
739103438
788924283
677683150
516532451
978066749
594548459
587601452
935597047
807159201
16840188
495326279
525386027
765927632
663130053
554288669
385657046
480726003
337030668
502754938
680784569
49211286
848048474
230962709
698760889
70058677
911214938
540442907
841899012
479427275
881386426
244395425
801097599
314444134
679497685
553086866
641068765
539128657
872991801
616240998
175238949
112687611
52543285
306917161
913275317
769088253
929005610
404458178
40385956
553563559
537504293
810908782
521780409
934478652
42173932
830768824
315954728
453735941
181356711
89928440
390086621
243475917
57033780
980770844
823801646
134320116
386171129
719874434
275265654
73875577
99277519
981230509
611108977
925140823
966779633
498129708
269893225
309458468
749941724
112722636
998505873
602889312
194473330
899232639
277195799
776258235
277563275
186981701
715728818
495504659
139730665
541710083
852424145
628681658
596977011
431301474
41058565
895670147
817238657
7133856
792301541
154793920
127584609
620289551
733622190
495720453
505589620
244802655
15805091
194889154
116843051
288425300
51357728
150657246
371384224
51444046
824487552
693836541
977809397
358918671
613631402
38529723
733322206
823260926
696815364
7354213
872045975
164542406
92941493
136224385
478268294
562603262
172989388
374866344
613791952
844896422
799246551
906058043
584944416
69097729
725665872
619045284
450858032
1166963
809085944
697507127
395281298
809534955
197290639
753102312
240435888
75868824
134629914
97032151
456167898
331289115
347313786
957223675
53073624
645936455
98549164
25926018
797825392
771905305
189833000
14004740
612368538
175973962
935022470
530795660
87662143
523752227
365514341
899888568
434575301
102529968
976770481
370253409
760135557
767127715
857129974
444246408
783849317
200113619
52146976
287411654
237693937
961741635
672862962
169255616
635900610
631789987
132101590
779537504
254801399
789236580
440425555
15024669
605704840
812584428
625046797
278491400
1000000000
924042505
701033331
283300587
129181161
191343534
831270558