100
284170492
850802570
875770010
621975953
568324920
39413554
166959967
90021466
246898721
90239859
649132535
770415962
189194020
116743618
69847595
37734634
33500435
437001535
17586738
743800097
759778995
553699235
724508759
698601939
49602520
886436710
142173705
637419980
435399131
111580436
108077257
748132894
193050099
153523547
987590933
403996594
386614512
896361893
854033
463498529
613851054
833773915
897553228
203598259
974507410
759367121
874907985
979746488
497303738
568783333
1000000000
548854231
122672118
626830104
1976921
1
2
3
4
69293076
5
6
616805315
779964014
334340860
7
812443435
122487746
922395735
470877205
553074444
818158221
101959985
52041768
458014523
841268143
566292370
719277028
624447664
691304620
421172106
315387861
915239180
824477890
84990243
926047669
75050450
602667740
150486501
797963641
624679787
31336002
990805310
223666594
551282062
164723557
711754168
545130466
31853209
818063643